   Year      Age       Female          Male         Total
   1992        0       136726.71    143033.81    279760.52 
   1992        1       135428.43    141636.42    277064.84 
   1992        2       137948.38    143975.88    281924.26 
   1992        3       143843.09    149959.35    293802.44 
   1992        4       146966.36    153620.32    300586.68 
   1992        5       137095.23    142883.10    279978.33 
   1992        6       124686.81    128709.96    253396.77 
   1992        7       120853.99    124710.94    245564.93 
   1992        8       119695.89    123562.23    243258.12 
   1992        9       122703.35    126300.28    249003.63 
   1992       10       126928.88    130782.46    257711.35 
   1992       11       124575.58    129085.03    253660.61 
   1992       12       119851.04    123836.58    243687.62 
   1992       13       117219.44    120108.07    237327.51 
   1992       14       116002.90    119509.97    235512.87 
   1992       15       114743.63    118591.34    233334.97 
   1992       16       115909.40    119352.92    235262.32 
   1992       17       121265.85    125139.62    246405.47 
   1992       18       124874.78    128696.00    253570.79 
   1992       19       123760.27    124930.01    248690.28 
   1992       20       121791.79    120135.85    241927.64 
   1992       21       120919.45    119505.91    240425.37 
   1992       22       120286.94    119492.60    239779.54 
   1992       23       121827.68    119847.76    241675.45 
   1992       24       123525.71    120296.00    243821.71 
   1992       25       123801.54    119602.51    243404.04 
   1992       26       124610.59    119700.10    244310.69 
   1992       27       126248.78    121467.07    247715.85 
   1992       28       125527.95    121333.27    246861.22 
   1992       29       124480.69    120143.71    244624.40 
   1992       30       123774.65    118631.63    242406.28 
   1992       31       118569.67    113588.56    232158.23 
   1992       32       116443.31    111358.41    227801.72 
   1992       33       114414.92    110401.89    224816.81 
   1992       34       106714.97    103348.09    210063.05 
   1992       35       102683.19     97834.01    200517.20 
   1992       36       100167.64     94464.86    194632.50 
   1992       37        96613.98     90785.99    187399.97 
   1992       38        93472.99     88177.28    181650.27 
   1992       39        88823.39     84449.59    173272.98 
   1992       40        84002.60     79216.79    163219.38 
   1992       41        80089.95     76152.71    156242.66 
   1992       42        81756.51     78575.36    160331.87 
   1992       43        79840.34     75658.29    155498.64 
   1992       44        71757.17     67114.82    138871.98 
   1992       45        68848.34     63751.45    132599.79 
   1992       46        68588.61     64567.31    133155.92 
   1992       47        68379.98     65166.12    133546.09 
   1992       48        66295.51     62760.86    129056.37 
   1992       49        63396.47     59611.93    123008.40 
   1992       50        61484.46     56719.84    118204.31 
   1992       51        58563.80     54797.06    113360.85 
   1992       52        58050.83     55200.32    113251.15 
   1992       53        55745.72     51612.70    107358.42 
   1992       54        51019.97     45853.08     96873.06 
   1992       55        49431.04     43853.74     93284.78 
   1992       56        47697.01     43080.40     90777.40 
   1992       57        45948.15     42071.94     88020.10 
   1992       58        45270.00     41078.52     86348.52 
   1992       59        45777.58     40249.52     86027.10 
   1992       60        47250.51     39568.01     86818.53 
   1992       61        45971.10     39570.42     85541.52 
   1992       62        46596.58     41091.92     87688.50 
   1992       63        46525.62     39910.17     86435.79 
   1992       64        43089.93     37300.55     80390.48 
   1992       65        41217.86     35894.24     77112.10 
   1992       66        36865.79     31484.51     68350.29 
   1992       67        32984.08     27909.36     60893.44 
   1992       68        30646.39     25502.14     56148.53 
   1992       69        28224.48     22875.28     51099.75 
   1992       70        27728.44     21986.44     49714.88 
   1992       71        26448.28     21166.31     47614.59 
   1992       72        25977.66     20655.93     46633.59 
   1992       73        25188.29     19088.60     44276.89 
   1992       74        22966.27     16887.65     39853.92 
   1992       75        22339.24     16087.04     38426.28 
   1992       76        20899.72     14896.56     35796.29 
   1992       77        19116.60     13616.32     32732.92 
   1992       78        18212.65     12684.77     30897.42 
   1992       79        16957.64     11331.49     28289.13 
   1992       80        16359.19     10599.42     26958.61 
   1992       81        14625.24      9314.65     23939.88 
   1992       82        12953.25      7941.43     20894.68 
   1992       83        11286.76      6664.67     17951.43 
   1992       84         9823.57      5609.32     15432.89 
   1992       85         8610.66      4624.15     13234.81 
   1992       86         7412.16      3681.38     11093.54 
   1992       87         6116.95      2925.32      9042.28 
   1992       88         4999.49      2355.90      7355.38 
   1992       89         4104.74      1862.37      5967.10 
   1992       90         3309.98      1454.53      4764.51 
   1992       91         2604.80      1110.20      3715.00 
   1992       92         1967.14       793.14      2760.28 
   1992       93         1422.41       526.70      1949.10 
   1992       94         1047.96       340.17      1388.14 
   1992       95          774.68       238.42      1013.10 
   1992       96          540.94       176.64       717.58 
   1992       97          373.14       112.98       486.12 
   1992       98          253.29        68.69       321.98 
   1992       99          162.93        47.65       210.58 
   1992      100          103.23        30.54       133.77 
   1992      101           67.82        17.45        85.27 
   1992      102           45.41        11.89        57.30 
   1992      103           29.16        10.81        39.97 
   1992      104           17.59         7.03        24.62 
   1992      105           10.92         2.90        13.82 
   1992      106            5.87         1.26         7.13 
   1992      107            2.92         0.51         3.42 
   1992      108            1.18         0.13         1.30 
   1992      109            0.37         0.00         0.37 
   1992      110           0.05         0.00         0.05 
   1993        0       134767.11    140981.93    275749.04 
   1993        1       136319.64    142393.74    278713.38 
   1993        2       135764.35    141898.34    277662.69 
   1993        3       138386.88    144379.52    282766.40 
   1993        4       143605.99    149646.77    293252.76 
   1993        5       146087.25    152625.53    298712.79 
   1993        6       136748.63    142372.38    279121.01 
   1993        7       125127.61    129121.04    254248.65 
   1993        8       120903.02    124935.80    245838.82 
   1993        9       119794.49    123877.77    243672.25 
   1993       10       122767.43    126464.90    249232.33 
   1993       11       126806.05    130507.25    257313.30 
   1993       12       124420.38    128755.45    253175.83 
   1993       13       119788.26    123735.22    243523.47 
   1993       14       117178.31    120028.77    237207.08 
   1993       15       115814.16    119129.55    234943.71 
   1993       16       114515.73    118030.23    232545.96 
   1993       17       115963.15    118970.89    234934.04 
   1993       18       121336.60    124760.11    246096.72 
   1993       19       124779.19    128258.85    253038.04 
   1993       20       123651.13    124639.73    248290.86 
   1993       21       121906.83    120219.04    242125.87 
   1993       22       120911.23    119440.94    240352.17 
   1993       23       120213.78    119252.82    239466.60 
   1993       24       121830.40    119782.23    241612.63 
   1993       25       123251.12    120062.73    243313.86 
   1993       26       123548.84    119328.05    242876.90 
   1993       27       124640.40    119688.15    244328.55 
   1993       28       126453.60    121566.13    248019.73 
   1993       29       125749.10    121476.00    247225.10 
   1993       30       124624.40    120318.81    244943.21 
   1993       31       123760.69    118582.10    242342.79 
   1993       32       118619.35    113571.90    232191.25 
   1993       33       116802.05    111765.24    228567.29 
   1993       34       114732.68    110642.11    225374.79 
   1993       35       106441.70    102911.75    209353.45 
   1993       36       102254.58     97429.63    199684.21 
   1993       37        99881.30     94238.90    194120.21 
   1993       38        96404.20     90693.88    187098.08 
   1993       39        93266.33     88123.30    181389.63 
   1993       40        88559.73     84264.12    172823.84 
   1993       41        83827.43     79031.15    162858.58 
   1993       42        79988.50     76069.83    156058.33 
   1993       43        81655.74     78533.15    160188.89 
   1993       44        79715.66     75596.81    155312.48 
   1993       45        71726.98     67135.67    138862.65 
   1993       46        68753.83     63750.45    132504.28 
   1993       47        68276.05     64356.42    132632.48 
   1993       48        67967.77     64800.72    132768.49 
   1993       49        65882.60     62369.82    128252.41 
   1993       50        63105.43     59255.34    122360.77 
   1993       51        61242.14     56337.46    117579.60 
   1993       52        58261.13     54358.36    112619.49 
   1993       53        57673.45     54720.06    112393.51 
   1993       54        55435.94     51231.16    106667.10 
   1993       55        50854.76     45658.06     96512.82 
   1993       56        49467.47     43846.70     93314.17 
   1993       57        47718.55     42974.67     90693.22 
   1993       58        45657.56     41664.90     87322.46 
   1993       59        44881.33     40562.22     85443.56 
   1993       60        45192.28     39548.47     84740.75 
   1993       61        46613.14     38942.52     85555.66 
   1993       62        45401.09     38959.17     84360.26 
   1993       63        46085.87     40418.06     86503.93 
   1993       64        45950.54     39168.63     85119.17 
   1993       65        42477.71     36450.37     78928.08 
   1993       66        40455.05     34924.69     75379.74 
   1993       67        36119.46     30579.89     66699.34 
   1993       68        32359.45     27099.81     59459.26 
   1993       69        30044.06     24754.17     54798.23 
   1993       70        27673.72     22185.50     49859.22 
   1993       71        27080.67     21197.40     48278.08 
   1993       72        25748.82     20294.26     46043.08 
   1993       73        25223.36     19707.17     44930.53 
   1993       74        24364.89     18124.37     42489.26 
   1993       75        22156.77     15961.90     38118.67 
   1993       76        21471.62     15119.96     36591.57 
   1993       77        20019.91     13955.37     33975.28 
   1993       78        18278.31     12714.55     30992.85 
   1993       79        17321.91     11733.70     29055.60 
   1993       80        17442.97     11270.09     28713.06 
   1993       81        15349.71      9678.00     25027.70 
   1993       82        13593.31      8409.01     22002.33 
   1993       83        11920.03      7068.03     18988.06 
   1993       84        10325.12      5855.63     16180.75 
   1993       85         8910.45      4880.54     13790.99 
   1993       86         7721.61      3971.20     11692.81 
   1993       87         6575.31      3109.45      9684.77 
   1993       88         5354.57      2458.20      7812.77 
   1993       89         4304.08      1947.85      6251.92 
   1993       90         3469.59      1515.36      4984.95 
   1993       91         2756.21      1167.42      3923.64 
   1993       92         2134.49       871.92      3006.41 
   1993       93         1582.50       620.51      2203.01 
   1993       94         1128.35       403.36      1531.71 
   1993       95          811.86       254.69      1066.55 
   1993       96          579.31       180.25       759.56 
   1993       97          398.65       127.76       526.41 
   1993       98          275.06        78.56       353.62 
   1993       99          179.63        46.95       226.58 
   1993      100          110.49        30.83       141.32 
   1993      101           68.52        21.62        90.14 
   1993      102           45.44        11.17        56.61 
   1993      103           32.77         7.20        39.97 
   1993      104           19.69         7.04        26.73 
   1993      105           10.44         4.06        14.50 
   1993      106            6.49         1.76         8.26 
   1993      107            3.23         0.68         3.91 
   1993      108            1.36         0.14         1.50 
   1993      109            0.39         0.00         0.39 
   1993      110           0.00         0.00         0.00 
   1994        0       133060.82    138954.82    272015.64 
   1994        1       134310.10    140300.25    274610.35 
   1994        2       136412.46    142360.36    278772.82 
   1994        3       136291.88    142376.26    278668.14 
   1994        4       138883.28    144841.88    283725.16 
   1994        5       143247.11    149211.82    292458.93 
   1994        6       145016.24    151406.87    296423.11 
   1994        7       136544.59    141967.44    278512.03 
   1994        8       125586.42    129578.25    255164.66 
   1994        9       120969.25    125221.68    246190.92 
   1994       10       119925.76    124272.13    244197.88 
   1994       11       122821.80    126606.43    249428.24 
   1994       12       126650.59    130158.76    256809.35 
   1994       13       124254.04    128400.84    252654.89 
   1994       14       119719.59    123631.08    243350.68 
   1994       15       117126.67    119921.34    237048.01 
   1994       16       115549.62    118621.59    234171.21 
   1994       17       114301.30    117385.15    231686.45 
   1994       18       116053.14    118514.44    234567.58 
   1994       19       121419.71    124320.76    245740.47 
   1994       20       124650.00    127739.80    252389.81 
   1994       21       123573.53    124377.64    247951.17 
   1994       22       122063.85    120367.96    242431.80 
   1994       23       120879.05    119335.44    240214.49 
   1994       24       120183.46    119044.03    239227.50 
   1994       25       121802.17    119725.65    241527.83 
   1994       26       122921.01    119791.73    242712.74 
   1994       27       123300.21    119067.28    242367.49 
   1994       28       124719.89    119727.52    244447.41 
   1994       29       126710.03    121703.63    248413.66 
   1994       30       126023.81    121688.76    247712.57 
   1994       31       124774.40    120543.57    245317.97 
   1994       32       123753.08    118543.54    242296.62 
   1994       33       118714.49    113628.31    232342.80 
   1994       34       117278.96    112327.83    229606.79 
   1994       35       115040.35    110835.70    225876.06 
   1994       36       106091.87    102413.66    208505.52 
   1994       37       101779.41     97006.28    198785.69 
   1994       38        99549.25     94009.04    193558.29 
   1994       39        96184.18     90630.48    186814.65 
   1994       40        93023.90     88064.17    181088.07 
   1994       41        88263.85     84059.87    172323.72 
   1994       42        83637.85     78841.71    162479.56 
   1994       43        79903.60     76029.58    155933.18 
   1994       44        81540.71     78526.83    160067.54 
   1994       45        79579.00     75549.00    155128.00 
   1994       46        71706.00     67192.87    138898.87 
   1994       47        68615.43     63751.43    132366.86 
   1994       48        67898.98     64101.13    132000.11 
   1994       49        67482.08     64370.58    131852.66 
   1994       50        65427.88     61932.97    127360.85 
   1994       51        62783.09     58873.31    121656.40 
   1994       52        60984.64     55915.15    116899.79 
   1994       53        57922.22     53852.51    111774.73 
   1994       54        57254.16     54169.66    111423.82 
   1994       55        55123.91     50813.37    105937.28 
   1994       56        50690.18     45487.85     96178.03 
   1994       57        49566.19     43911.79     93477.99 
   1994       58        47717.63     42830.09     90547.72 
   1994       59        45355.53     41229.72     86585.25 
   1994       60        44428.67     39957.60     84386.27 
   1994       61        44515.47     38793.19     83308.67 
   1994       62        45875.35     38295.78     84171.12 
   1994       63        44804.42     38346.25     83150.67 
   1994       64        45544.29     39734.73     85279.02 
   1994       65        45351.96     38412.37     83764.32 
   1994       66        41808.34     35538.32     77346.66 
   1994       67        39624.01     33847.92     73471.93 
   1994       68        35360.19     29608.88     64969.07 
   1994       69        31677.58     26263.84     57941.42 
   1994       70        29424.36     24012.09     53436.45 
   1994       71        27115.49     21487.40     48602.88 
   1994       72        26410.50     20373.63     46784.13 
   1994       73        25045.16     19389.90     44435.06 
   1994       74        24438.85     18734.77     43173.62 
   1994       75        23517.16     17138.88     40656.04 
   1994       76        21329.52     15018.20     36347.72 
   1994       77        20605.03     14200.17     34805.19 
   1994       78        19164.10     13063.93     32228.02 
   1994       79        17446.86     11807.96     29254.82 
   1994       80        18129.29     11925.67     30054.96 
   1994       81        16393.79     10305.75     26699.54 
   1994       82        14320.27      8785.53     23105.80 
   1994       83        12560.20      7516.79     20077.00 
   1994       84        10941.00      6240.90     17181.90 
   1994       85         9383.71      5130.86     14514.57 
   1994       86         8003.74      4210.42     12214.16 
   1994       87         6864.86      3374.60     10239.45 
   1994       88         5768.10      2630.55      8398.65 
   1994       89         4615.81      2039.09      6654.90 
   1994       90         3647.85      1580.63      5228.49 
   1994       91         2915.74      1214.38      4130.11 
   1994       92         2270.64       919.97      3190.61 
   1994       93         1731.69       682.55      2414.25 
   1994       94         1269.03       480.94      1749.96 
   1994       95          879.66       310.90      1190.55 
   1994       96          619.21       192.96       812.17 
   1994       97          440.92       128.87       569.78 
   1994       98          303.16        88.44       391.60 
   1994       99          200.24        54.65       254.89 
   1994      100          124.09        31.77       155.86 
   1994      101           73.93        23.92        97.85 
   1994      102           47.95        15.42        63.37 
   1994      103           32.96         7.08        40.04 
   1994      104           21.36         5.15        26.51 
   1994      105           11.90         4.51        16.41 
   1994      106            6.44         2.06         8.50 
   1994      107            3.82         0.82         4.63 
   1994      108            1.64         0.29         1.93 
   1994      109            0.56         0.00         0.56 
   1994      110           0.06         0.00         0.06 
   1995        0       130805.74    136395.87    267201.61 
   1995        1       132496.84    138239.39    270736.23 
   1995        2       134242.32    140115.83    274358.15 
   1995        3       136549.37    142378.36    278927.72 
   1995        4       136833.62    142868.76    279702.38 
   1995        5       139381.26    145310.01    284691.28 
   1995        6       142891.41    148783.42    291674.83 
   1995        7       143952.70    150200.13    294152.83 
   1995        8       136343.93    141569.16    277913.10 
   1995        9       126045.43    130037.05    256082.48 
   1995       10       121035.51    125511.89    246547.39 
   1995       11       120055.53    124671.64    244727.17 
   1995       12       122877.50    126750.56    249628.06 
   1995       13       126493.76    129810.49    256304.26 
   1995       14       124082.26    128035.98    252118.25 
   1995       15       119641.86    123508.84    243150.71 
   1995       16       117070.63    119792.71    236863.33 
   1995       17       115292.96    118089.58    233382.54 
   1995       18       114090.39    116729.02    230819.41 
   1995       19       116144.60    118055.00    234199.60 
   1995       20       121502.40    123868.63    245371.03 
   1995       21       124518.57    127213.65    251732.23 
   1995       22       123497.21    124103.27    247600.48 
   1995       23       122218.29    120498.93    242717.22 
   1995       24       120845.45    119235.15    240080.60 
   1995       25       120151.49    118848.45    238999.94 
   1995       26       121775.35    119674.00    241449.34 
   1995       27       122594.18    119524.96    242119.14 
   1995       28       123044.83    118809.04    241853.86 
   1995       29       124796.02    119769.55    244565.57 
   1995       30       126964.80    121841.32    248806.12 
   1995       31       126300.48    121912.89    248213.37 
   1995       32       124926.73    120765.34    245692.07 
   1995       33       123741.86    118487.10    242228.96 
   1995       34       118802.02    113679.32    232481.33 
   1995       35       117739.43    112880.96    230620.39 
   1995       36       115334.42    111019.68    226354.10 
   1995       37       105726.38    101907.77    207634.15 
   1995       38       101289.15     96569.91    197859.06 
   1995       39        99210.76     93761.90    192972.66 
   1995       40        95963.52     90549.65    186513.18 
   1995       41        92774.06     87982.51    180756.57 
   1995       42        87960.47     83821.93    171782.41 
   1995       43        83448.19     78634.40    162082.60 
   1995       44        79794.57     75975.52    155770.09 
   1995       45        81397.40     78478.63    159876.03 
   1995       46        79432.68     75450.62    154883.30 
   1995       47        71673.37     67212.53    138885.90 
   1995       48        68466.04     63713.85    132179.89 
   1995       49        67517.14     63793.90    131311.04 
   1995       50        66981.33     63876.06    130857.39 
   1995       51        64960.44     61455.26    126415.70 
   1995       52        62463.26     58442.36    120905.63 
   1995       53        60713.43     55430.69    116144.12 
   1995       54        57560.05     53301.35    110861.40 
   1995       55        56813.24     53570.57    110383.81 
   1995       56        54772.30     50346.43    105118.73 
   1995       57        50486.54     45279.89     95766.43 
   1995       58        49645.15     43929.50     93574.65 
   1995       59        47697.80     42619.22     90317.03 
   1995       60        45018.74     40733.16     85751.90 
   1995       61        43929.99     39285.26     83215.24 
   1995       62        43795.19     37985.12     81780.32 
   1995       63        45105.91     37595.15     82701.06 
   1995       64        44161.50     37676.37     81837.87 
   1995       65        44965.43     39008.46     83973.88 
   1995       66        44732.37     37578.76     82311.14 
   1995       67        41108.48     34522.91     75631.39 
   1995       68        38763.53     32716.78     71480.32 
   1995       69        34545.68     28620.04     63165.72 
   1995       70        30958.90     25367.21     56326.12 
   1995       71        28778.23     23199.24     51977.47 
   1995       72        26503.71     20731.94     47235.66 
   1995       73        25697.64     19531.47     45229.10 
   1995       74        24290.98     18464.01     42754.99 
   1995       75        23614.48     17727.12     41341.60 
   1995       76        22648.23     16156.03     38804.26 
   1995       77        20508.35     14131.39     34639.74 
   1995       78        19718.51     13306.17     33024.68 
   1995       79        18250.88     12135.79     30386.66 
   1995       80        18340.71     12278.32     30619.02 
   1995       81        17073.97     10928.10     28002.07 
   1995       82        15327.19      9396.86     24724.05 
   1995       83        13295.22      7902.65     21197.87 
   1995       84        11561.67      6681.91     18243.59 
   1995       85         9955.49      5501.54     15457.03 
   1995       86         8460.21      4449.35     12909.56 
   1995       87         7133.29      3600.09     10733.39 
   1995       88         6038.19      2856.37      8894.56 
   1995       89         5007.78      2196.77      7204.55 
   1995       90         3944.35      1681.16      5625.51 
   1995       91         3076.16      1271.71      4347.86 
   1995       92         2413.28       963.60      3376.88 
   1995       93         1855.69       724.17      2579.86 
   1995       94         1399.08       520.68      1919.76 
   1995       95         1006.60       363.22      1369.82 
   1995       96          687.47       232.62       920.09 
   1995       97          475.36       142.31       617.68 
   1995       98          332.08        94.12       426.21 
   1995       99          224.26        62.49       286.76 
   1995      100          143.03        37.31       180.34 
   1995      101           84.17        24.20       108.37 
   1995      102           51.71        17.30        69.01 
   1995      103           32.71        10.36        43.07 
   1995      104           21.41         5.46        26.88 
   1995      105           13.86         3.63        17.49 
   1995      106            6.69         1.99         8.67 
   1995      107            3.33         0.55         3.88 
   1995      108            1.80         0.30         2.10 
   1995      109            0.48         0.04         0.52 
   1995      110           0.00         0.00         0.00 
   1996        0       128311.17    134273.49    262584.66 
   1996        1       130240.69    135641.37    265882.06 
   1996        2       132296.20    137965.32    270261.53 
   1996        3       134224.68    139989.11    274213.79 
   1996        4       136695.94    142418.51    279114.45 
   1996        5       137385.78    143376.23    280762.01 
   1996        6       139889.35    145792.59    285681.93 
   1996        7       142541.31    148363.66    290904.97 
   1996        8       142894.52    148991.53    291886.05 
   1996        9       136145.98    141168.44    277314.42 
   1996       10       126503.86    130498.16    257002.01 
   1996       11       121099.52    125804.63    246904.16 
   1996       12       120186.04    125070.37    245256.41 
   1996       13       122932.39    126887.83    249820.22 
   1996       14       126333.36    129442.06    255775.42 
   1996       15       123910.23    127648.36    251558.59 
   1996       16       119569.59    123371.92    242941.51 
   1996       17       117017.56    119651.53    236669.09 
   1996       18       115029.56    117546.87    232576.43 
   1996       19       113874.55    116056.73    229931.28 
   1996       20       116231.33    117569.02    233800.35 
   1996       21       121581.26    123390.90    244972.15 
   1996       22       124387.84    126653.59    251041.43 
   1996       23       123417.33    123809.43    247226.76 
   1996       24       122374.39    120629.15    243003.54 
   1996       25       120815.38    119137.53    239952.91 
   1996       26       120121.32    118639.86    238761.18 
   1996       27       121743.60    119613.97    241357.57 
   1996       28       122256.56    119268.72    241525.28 
   1996       29       122787.48    118565.53    241353.01 
   1996       30       124870.51    119807.29    244677.79 
   1996       31       127220.02    121964.91    249184.94 
   1996       32       126568.85    122129.73    248698.57 
   1996       33       125065.04    120981.64    246046.68 
   1996       34       123713.32    118433.88    242147.20 
   1996       35       118870.33    113729.10    232599.43 
   1996       36       118196.07    113426.50    231622.57 
   1996       37       115625.87    111195.34    226821.20 
   1996       38       105349.96    101389.52    206739.48 
   1996       39       100791.47     96120.33    196911.80 
   1996       40        98869.71     93502.87    192372.58 
   1996       41        95736.33     90455.79    186192.13 
   1996       42        92522.89     87871.41    180394.30 
   1996       43        87655.07     83561.74    171216.81 
   1996       44        83242.38     78409.47    161651.85 
   1996       45        79682.06     75882.43    155564.49 
   1996       46        81260.37     78394.00    159654.37 
   1996       47        79282.09     75340.75    154622.84 
   1996       48        71637.08     67206.78    138843.86 
   1996       49        68311.27     63636.70    131947.97 
   1996       50        67124.16     63457.19    130581.36 
   1996       51        66469.69     63357.59    129827.28 
   1996       52        64474.20     60933.17    125407.37 
   1996       53        62116.72     57963.41    120080.13 
   1996       54        60413.05     54911.79    115324.84 
   1996       55        57177.49     52708.57    109886.06 
   1996       56        56353.55     52918.93    109272.48 
   1996       57        54408.10     49837.71    104245.80 
   1996       58        50292.51     45031.07     95323.58 
   1996       59        49723.73     43901.44     93625.17 
   1996       60        47638.96     42373.79     90012.75 
   1996       61        44645.91     40193.15     84839.05 
   1996       62        43425.06     38577.00     82002.07 
   1996       63        43054.72     37102.74     80157.46 
   1996       64        44291.08     36809.14     81100.22 
   1996       65        43491.55     36931.28     80422.83 
   1996       66        44351.88     38167.74     82519.62 
   1996       67        44053.82     36663.62     80717.44 
   1996       68        40368.81     33498.42     73867.23 
   1996       69        37868.76     31554.67     69423.42 
   1996       70        33700.61     27554.05     61254.66 
   1996       71        30189.92     24412.62     54602.54 
   1996       72        28059.49     22335.53     50395.02 
   1996       73        25842.70     19953.15     45795.85 
   1996       74        24936.16     18647.81     43583.97 
   1996       75        23508.86     17488.99     40997.85 
   1996       76        22753.24     16711.18     39464.42 
   1996       77        21726.58     15191.28     36917.85 
   1996       78        19608.24     13216.06     32824.30 
   1996       79        18748.37     12333.97     31082.34 
   1996       80        18077.92     11930.34     30008.25 
   1996       81        17292.67     11294.57     28587.23 
   1996       82        15983.74      9966.05     25949.78 
   1996       83        14244.80      8480.37     22725.17 
   1996       84        12232.91      7053.01     19285.92 
   1996       85        10502.73      5886.13     16388.86 
   1996       86         8979.69      4775.80     13755.48 
   1996       87         7558.35      3818.11     11376.46 
   1996       88         6273.42      3053.54      9326.96 
   1996       89         5242.90      2398.30      7641.19 
   1996       90         4290.09      1821.61      6111.70 
   1996       91         3337.49      1362.50      4699.99 
   1996       92         2550.57      1012.99      3563.56 
   1996       93         1965.54       762.95      2728.49 
   1996       94         1498.60       555.61      2054.21 
   1996       95         1111.27       384.35      1495.61 
   1996       96          791.53       271.00      1062.54 
   1996       97          530.10       173.82       703.92 
   1996       98          348.45       104.50       452.95 
   1996       99          242.00        68.19       310.19 
   1996      100          165.57        43.14       208.71 
   1996      101          103.23        26.66       129.89 
   1996      102           58.97        16.79        75.76 
   1996      103           35.12        11.66        46.78 
   1996      104           22.88         7.69        30.57 
   1996      105           14.52         3.68        18.20 
   1996      106            8.20         1.60         9.80 
   1996      107            3.67         0.52         4.19 
   1996      108            1.65         0.00         1.65 
   1996      109            0.77         0.00         0.77 
   1996      110           0.14         0.00         0.14 
   1997        0       126532.33    132853.65    259385.99 
   1997        1       127565.28    133233.55    260798.84 
   1997        2       130022.39    135314.15    265336.54 
   1997        3       132134.80    137738.91    269873.71 
   1997        4       134212.42    139882.18    274094.60 
   1997        5       136851.60    142469.09    279320.68 
   1997        6       137944.61    143884.82    281829.43 
   1997        7       140403.05    146273.01    286676.06 
   1997        8       142195.14    147938.03    290133.17 
   1997        9       141835.15    147782.33    289617.49 
   1997       10       135942.08    140766.90    276708.98 
   1997       11       126956.16    130954.25    257910.41 
   1997       12       121160.61    126090.56    247251.18 
   1997       13       120315.60    125459.13    245774.74 
   1997       14       122986.51    127013.35    249999.86 
   1997       15       126172.59    129070.91    255243.50 
   1997       16       123734.89    127263.28    250998.17 
   1997       17       119488.72    123228.38    242717.09 
   1997       18       116953.24    119499.40    236452.64 
   1997       19       114764.54    116992.71    231757.26 
   1997       20       113662.92    115363.92    229026.85 
   1997       21       116318.54    117067.34    233385.87 
   1997       22       121662.40    122901.87    244564.27 
   1997       23       124253.54    126096.71    250350.25 
   1997       24       123337.20    123522.70    246859.90 
   1997       25       122534.40    120761.78    243296.18 
   1997       26       120785.93    119028.98    239814.90 
   1997       27       120087.10    118429.47    238516.57 
   1997       28       121708.97    119563.20    241272.17 
   1997       29       121918.42    119010.26    240928.68 
   1997       30       122527.40    118304.58    240831.98 
   1997       31       124942.51    119837.28    244779.79 
   1997       32       127465.03    122088.92    249553.95 
   1997       33       126827.77    122330.55    249158.33 
   1997       34       125194.28    121181.61    246375.89 
   1997       35       123681.50    118374.89    242056.38 
   1997       36       118946.64    113769.79    232716.43 
   1997       37       118652.98    113957.70    232610.68 
   1997       38       115906.12    111355.65    227261.77 
   1997       39       104974.83    100867.34    205842.17 
   1997       40       100300.70     95673.11    195973.81 
   1997       41        98524.07     93235.26    191759.34 
   1997       42        95502.54     90333.92    185836.46 
   1997       43        92261.80     87742.45    180004.24 
   1997       44        87337.49     83292.60    170630.08 
   1997       45        83031.43     78164.63    161196.06 
   1997       46        79567.65     75781.14    155348.79 
   1997       47        81118.81     78306.72    159425.53 
   1997       48        79124.18     75215.60    154339.78 
   1997       49        71584.67     67192.46    138777.13 
   1997       50        68144.59     63555.71    131700.30 
   1997       51        66711.24     63099.44    129810.68 
   1997       52        65933.15     62818.93    128752.08 
   1997       53        63968.00     60396.10    124364.10 
   1997       54        61759.42     57464.94    119224.36 
   1997       55        60112.24     54371.67    114483.92 
   1997       56        56790.79     52085.83    108876.62 
   1997       57        55896.55     52259.80    108156.36 
   1997       58        54051.13     49330.29    103381.43 
   1997       59        50072.06     44762.05     94834.11 
   1997       60        49763.09     43865.87     93628.96 
   1997       61        47572.46     42126.96     89699.41 
   1997       62        44274.97     39637.26     83912.22 
   1997       63        42900.21     37847.54     80747.75 
   1997       64        42304.28     36225.19     78529.48 
   1997       65        43480.78     36013.48     79494.27 
   1997       66        42812.83     36163.50     78976.33 
   1997       67        43715.60     37320.82     81036.42 
   1997       68        43352.47     35736.29     79088.76 
   1997       69        39593.41     32449.43     72042.84 
   1997       70        36924.25     30358.53     67282.79 
   1997       71        32817.32     26475.43     59292.76 
   1997       72        29391.95     23458.81     52850.76 
   1997       73        27329.65     21469.80     48799.46 
   1997       74        25183.56     19153.62     44337.18 
   1997       75        24180.61     17743.42     41924.03 
   1997       76        22706.62     16540.94     39247.56 
   1997       77        21868.13     15724.79     37592.93 
   1997       78        20782.71     14188.70     34971.41 
   1997       79        18695.88     12291.73     30987.60 
   1997       80        17792.94     11428.76     29221.70 
   1997       81        17053.93     10979.15     28033.08 
   1997       82        16231.22     10329.90     26561.12 
   1997       83        14905.67      9023.23     23928.90 
   1997       84        13156.29      7599.75     20756.04 
   1997       85        11133.16      6223.47     17356.63 
   1997       86         9485.94      5120.22     14606.16 
   1997       87         8049.69      4104.65     12154.34 
   1997       88         6661.60      3238.63      9900.23 
   1997       89         5436.86      2568.71      8005.56 
   1997       90         4478.26      1982.73      6460.99 
   1997       91         3622.80      1473.81      5096.61 
   1997       92         2764.59      1075.97      3840.57 
   1997       93         2076.89       799.18      2876.07 
   1997       94         1568.33       584.61      2152.94 
   1997       95         1156.80       400.36      1557.16 
   1997       96          856.40       277.92      1134.32 
   1997       97          610.61       197.12       807.74 
   1997       98          393.75       122.90       516.65 
   1997       99          252.00        72.66       324.66 
   1997      100          173.06        46.55       219.61 
   1997      101          118.34        28.95       147.29 
   1997      102           70.55        16.18        86.74 
   1997      103           39.98        10.35        50.34 
   1997      104           23.97         7.91        31.88 
   1997      105           13.61         4.27        17.89 
   1997      106            7.84         1.94         9.78 
   1997      107            4.02         0.77         4.79 
   1997      108            1.45         0.07         1.53 
   1997      109            0.46         0.00         0.46 
   1997      110           0.16         0.00         0.16 
   1998        0       124782.39    130488.89    255271.28 
   1998        1       125576.14    131474.26    257050.40 
   1998        2       127120.37    132576.48    259696.85 
   1998        3       129801.88    134996.23    264798.11 
   1998        4       131984.64    137527.71    269512.35 
   1998        5       134208.15    139776.08    273984.23 
   1998        6       137011.46    142519.00    279530.46 
   1998        7       138509.15    144395.95    282905.10 
   1998        8       140917.13    146753.76    287670.88 
   1998        9       141846.38    147517.95    289364.33 
   1998       10       140772.45    146574.76    287347.21 
   1998       11       135737.27    140365.53    276102.80 
   1998       12       127410.36    131415.57    258825.93 
   1998       13       121224.66    126380.03    247604.68 
   1998       14       120446.11    125844.84    246290.95 
   1998       15       123038.06    127136.23    250174.30 
   1998       16       126008.38    128692.83    254701.21 
   1998       17       123553.96    126863.92    250417.88 
   1998       18       119404.33    123072.54    242476.87 
   1998       19       116893.71    119332.30    236226.01 
   1998       20       114500.47    116415.41    230915.88 
   1998       21       113445.81    114675.95    228121.75 
   1998       22       116407.02    116580.87    232987.88 
   1998       23       121743.89    122423.29    244167.18 
   1998       24       124123.33    125544.51    249667.85 
   1998       25       123262.82    123236.45    246499.26 
   1998       26       122691.37    120895.92    243587.29 
   1998       27       120751.46    118924.10    239675.56 
   1998       28       120053.94    118214.03    238267.98 
   1998       29       121675.70    119498.59    241174.29 
   1998       30       121581.77    118754.40    240336.17 
   1998       31       122268.20    118049.85    240318.05 
   1998       32       125009.72    119863.63    244873.35 
   1998       33       127706.59    122204.37    249910.96 
   1998       34       127086.24    122517.90    249604.14 
   1998       35       125323.70    121374.33    246698.04 
   1998       36       123649.40    118306.60    241955.99 
   1998       37       119013.81    113800.95    232814.76 
   1998       38       119094.44    114490.13    233584.57 
   1998       39       116186.20    111528.28    227714.48 
   1998       40       104602.66    100344.70    204947.36 
   1998       41        99802.62     95204.48    195007.10 
   1998       42        98169.77     92950.00    191119.77 
   1998       43        95260.60     90204.39    185465.00 
   1998       44        91994.02     87605.64    179599.67 
   1998       45        87009.41     83022.36    170031.76 
   1998       46        82809.40     77917.47    160726.87 
   1998       47        79448.32     75674.63    155122.95 
   1998       48        80960.30     78222.44    159182.74 
   1998       49        78941.79     75096.05    154037.83 
   1998       50        71524.47     67174.88    138699.35 
   1998       51        67970.59     63473.26    131443.86 
   1998       52        66296.93     62758.60    129055.53 
   1998       53        65385.28     62286.30    127671.59 
   1998       54        63451.90     59843.80    123295.70 
   1998       55        61389.68     56937.41    118327.09 
   1998       56        59792.18     53804.21    113596.39 
   1998       57        56395.50     51464.67    107860.18 
   1998       58        55413.17     51586.80    106999.98 
   1998       59        53648.15     48766.61    102414.76 
   1998       60        49828.58     44456.27     94284.85 
   1998       61        49798.18     43812.43     93610.61 
   1998       62        47491.92     41854.47     89346.39 
   1998       63        43870.04     39075.20     82945.25 
   1998       64        42344.59     37123.11     79467.71 
   1998       65        41519.82     35342.90     76862.72 
   1998       66        42649.82     35233.08     77882.90 
   1998       67        42121.62     35395.90     77517.52 
   1998       68        43053.82     36443.97     79497.79 
   1998       69        42615.60     34787.94     77403.54 
   1998       70        38779.68     31349.94     70129.62 
   1998       71        35950.63     29125.03     65075.66 
   1998       72        31898.67     25398.60     57297.27 
   1998       73        28567.92     22487.21     51055.14 
   1998       74        26574.01     20582.49     47156.49 
   1998       75        24466.08     18333.22     42799.30 
   1998       76        23347.74     16842.56     40190.30 
   1998       77        21854.79     15604.12     37458.91 
   1998       78        20938.87     14707.71     35646.58 
   1998       79        19805.23     13216.11     33021.34 
   1998       80        17752.10     11402.35     29154.46 
   1998       81        16786.97     10508.01     27294.98 
   1998       82        15995.04     10046.32     26041.36 
   1998       83        15158.03      9404.81     24562.84 
   1998       84        13812.89      8124.13     21937.01 
   1998       85        12047.06      6726.99     18774.06 
   1998       86        10072.21      5432.45     15504.66 
   1998       87         8481.29      4397.12     12878.42 
   1998       88         7089.84      3463.32     10553.16 
   1998       89         5766.10      2706.42      8472.52 
   1998       90         4629.13      2090.52      6719.65 
   1998       91         3754.95      1572.24      5327.19 
   1998       92         2973.68      1154.69      4128.37 
   1998       93         2241.58       831.25      3072.83 
   1998       94         1645.32       593.16      2238.48 
   1998       95         1191.28       420.08      1611.35 
   1998       96          878.06       288.74      1166.80 
   1998       97          647.17       197.61       844.78 
   1998       98          454.68       135.04       589.72 
   1998       99          280.70        79.25       359.95 
   1998      100          165.17        45.65       210.82 
   1998      101          114.18        29.57       143.75 
   1998      102           78.04        17.46        95.50 
   1998      103           47.07         9.21        56.28 
   1998      104           26.35         5.99        32.34 
   1998      105           13.95         3.69        17.63 
   1998      106            7.36         1.92         9.27 
   1998      107            3.91         0.74         4.65 
   1998      108            1.72         0.04         1.76 
   1998      109            0.35         0.00         0.35 
   1998      110           0.00         0.00         0.00 
   1999        0       122216.52    127342.06    249558.58 
   1999        1       123420.47    128703.66    252124.13 
   1999        2       124874.82    130432.40    255307.22 
   1999        3       126680.85    131932.43    258613.28 
   1999        4       129617.39    134709.49    264326.89 
   1999        5       131849.23    137328.05    269177.28 
   1999        6       134213.41    139680.68    273894.09 
   1999        7       137180.41    142577.71    279758.12 
   1999        8       139076.57    144916.36    283992.94 
   1999        9       141429.46    147244.88    288674.34 
   1999       10       141500.42    147100.13    288600.55 
   1999       11       139719.49    145366.73    285086.22 
   1999       12       135542.70    139970.47    275513.17 
   1999       13       127869.77    131879.46    259749.23 
   1999       14       121290.47    126658.42    247948.89 
   1999       15       120574.82    126218.00    246792.82 
   1999       16       123086.78    127244.24    250331.01 
   1999       17       125843.16    128292.99    254136.15 
   1999       18       123375.13    126445.32    249820.45 
   1999       19       119321.12    122898.38    242219.51 
   1999       20       116832.23    119143.47    235975.70 
   1999       21       114237.60    115849.26    230086.86 
   1999       22       113227.90    113998.08    227225.98 
   1999       23       116491.53    116091.44    232582.97 
   1999       24       121825.07    121946.62    243771.69 
   1999       25       123994.07    125001.79    248995.86 
   1999       26       123184.89    122959.79    246144.68 
   1999       27       122843.65    121026.00    243869.64 
   1999       28       120717.15    118810.16    239527.30 
   1999       29       120015.71    118000.49    238016.19 
   1999       30       121635.94    119446.62    241082.57 
   1999       31       121241.40    118495.59    239736.99 
   1999       32       122003.28    117794.50    239797.79 
   1999       33       125071.65    119896.45    244968.10 
   1999       34       127945.45    122323.01    250268.46 
   1999       35       127340.58    122713.94    250054.52 
   1999       36       125452.96    121568.04    247020.99 
   1999       37       123619.57    118238.71    241858.28 
   1999       38       119078.12    113845.04    232923.16 
   1999       39       119532.53    115027.16    234559.69 
   1999       40       116455.88    111681.22    228137.10 
   1999       41       104218.58     99801.48    204020.05 
   1999       42        99299.92     94737.18    194037.10 
   1999       43        97810.71     92659.51    190470.23 
   1999       44        95007.50     90067.41    185074.91 
   1999       45        91711.43     87471.83    179183.25 
   1999       46        86666.84     82741.86    169408.70 
   1999       47        82568.38     77669.85    160238.23 
   1999       48        79299.98     75558.72    154858.70 
   1999       49        80783.56     78110.60    158894.16 
   1999       50        78757.19     74962.11    153719.30 
   1999       51        71454.05     67159.84    138613.89 
   1999       52        67783.19     63397.58    131180.77 
   1999       53        65863.58     62404.25    128267.83 
   1999       54        64822.37     61719.61    126541.98 
   1999       55        62922.84     59246.61    122169.45 
   1999       56        61007.41     56382.31    117389.72 
   1999       57        59459.32     53228.83    112688.15 
   1999       58        55970.78     50802.54    106773.32 
   1999       59        54904.00     50857.68    105761.68 
   1999       60        53238.34     48190.66    101429.01 
   1999       61        49585.81     44139.66     93725.47 
   1999       62        49816.54     43724.12     93540.67 
   1999       63        47372.45     41546.51     88918.96 
   1999       64        43438.98     38481.51     81920.49 
   1999       65        41747.31     36374.46     78121.76 
   1999       66        40691.47     34434.59     75126.06 
   1999       67        41781.87     34416.83     76198.69 
   1999       68        41392.43     34586.36     75978.80 
   1999       69        42353.95     35522.40     77876.35 
   1999       70        41828.30     33784.69     75612.99 
   1999       71        37916.31     30202.72     68119.03 
   1999       72        34925.32     27838.67     62763.99 
   1999       73        30944.57     24260.79     55205.36 
   1999       74        27701.36     21501.52     49202.89 
   1999       75        25738.63     19689.90     45428.53 
   1999       76        23680.63     17480.90     41161.53 
   1999       77        22483.54     15901.00     38384.54 
   1999       78        20949.75     14610.05     35559.80 
   1999       79        19935.42     13657.67     33593.09 
   1999       80        18737.66     12192.31     30929.97 
   1999       81        16710.92     10481.71     27192.63 
   1999       82        15692.64      9603.21     25295.85 
   1999       83        14859.38      9123.20     23982.58 
   1999       84        14015.24      8480.22     22495.46 
   1999       85        12652.81      7212.29     19865.10 
   1999       86        10890.81      5897.50     16788.31 
   1999       87         8964.75      4681.63     13646.38 
   1999       88         7446.41      3710.86     11157.27 
   1999       89         6134.70      2879.85      9014.54 
   1999       90         4910.26      2192.48      7102.74 
   1999       91         3869.84      1659.41      5529.25 
   1999       92         3067.76      1235.36      4303.12 
   1999       93         2392.28       874.39      3266.67 
   1999       94         1769.34       605.41      2374.75 
   1999       95         1252.71       428.17      1680.88 
   1999       96          892.20       301.37      1193.56 
   1999       97          644.72       196.54       841.27 
   1999       98          464.15       128.29       592.44 
   1999       99          318.29        83.39       401.68 
   1999      100          180.16        46.53       226.68 
   1999      101          105.38        26.57       131.95 
   1999      102           74.88        16.08        90.96 
   1999      103           51.56         9.99        61.56 
   1999      104           31.00         5.53        36.52 
   1999      105           15.89         2.83        18.72 
   1999      106            8.60         1.14         9.75 
   1999      107            4.42         0.45         4.87 
   1999      108            2.21         0.06         2.27 
   1999      109            0.79         0.00         0.79 
   1999      110           0.14         0.00         0.14 
   2000        0       119019.85    124212.25    243232.10 
   2000        1       119845.61    124453.75    244299.35 
   2000        2       122326.73    127269.26    249595.98 
   2000        3       124194.48    129407.55    253602.03 
   2000        4       126281.33    131316.38    257597.71 
   2000        5       129443.60    134434.97    263878.57 
   2000        6       131722.76    137139.91    268862.67 
   2000        7       134225.52    139590.21    273815.73 
   2000        8       137348.46    142641.85    279990.31 
   2000        9       139640.91    145439.95    285080.87 
   2000       10       141943.95    147733.34    289677.28 
   2000       11       141159.39    146679.26    287838.65 
   2000       12       138667.30    144161.79    282829.09 
   2000       13       135344.92    139573.61    274918.53 
   2000       14       128327.50    132335.70    260663.20 
   2000       15       121352.67    126933.56    248286.22 
   2000       16       120697.08    126584.64    247281.72 
   2000       17       123131.73    127336.74    250468.47 
   2000       18       125675.22    127876.60    253551.82 
   2000       19       123192.24    126007.94    249200.18 
   2000       20       119239.65    122699.15    241938.80 
   2000       21       116776.90    118956.54    235733.44 
   2000       22       113973.95    115280.66    229254.61 
   2000       23       113007.15    113311.25    226318.39 
   2000       24       116573.52    115603.01    232176.53 
   2000       25       121906.18    121472.82    243379.00 
   2000       26       123862.27    124462.18    248324.45 
   2000       27       123100.50    122685.01    245785.51 
   2000       28       122995.01    121158.93    244153.93 
   2000       29       120677.03    118703.15    239380.18 
   2000       30       119976.07    117792.05    237768.12 
   2000       31       121598.63    119394.20    240992.83 
   2000       32       120897.30    118234.71    239132.01 
   2000       33       121735.11    117533.68    239268.79 
   2000       34       125132.64    119938.03    245070.67 
   2000       35       128182.88    122465.07    250647.94 
   2000       36       127593.32    122921.97    250515.29 
   2000       37       125583.79    121768.61    247352.39 
   2000       38       123583.53    118174.99    241758.52 
   2000       39       119131.94    113872.33    233004.26 
   2000       40       119956.81    115545.61    235502.42 
   2000       41       116716.38    111829.70    228546.08 
   2000       42       103834.65     99262.37    203097.02 
   2000       43        98792.01     94251.33    193043.34 
   2000       44        97437.86     92338.86    189776.72 
   2000       45        94749.40     89904.01    184653.41 
   2000       46        91425.00     87314.98    178739.99 
   2000       47        86306.05     82451.23    168757.28 
   2000       48        82318.66     77394.69    159713.34 
   2000       49        79149.88     75406.00    154555.88 
   2000       50        80601.38     77987.43    158588.81 
   2000       51        78560.32     74814.90    153375.23 
   2000       52        71365.45     67111.72    138477.17 
   2000       53        67578.79     63280.07    130858.86 
   2000       54        65414.83     62007.47    127422.31 
   2000       55        64249.03     61130.25    125379.27 
   2000       56        62387.32     58642.90    121030.22 
   2000       57        60611.92     55816.03    116427.95 
   2000       58        59110.65     52626.58    111737.23 
   2000       59        55532.60     50135.05    105667.64 
   2000       60        54389.10     50146.45    104535.55 
   2000       61        52822.74     47592.77    100415.51 
   2000       62        49303.79     43788.13     93091.91 
   2000       63        49788.31     43621.37     93409.67 
   2000       64        47239.76     41225.25     88465.01 
   2000       65        42987.32     37864.68     80852.00 
   2000       66        41126.76     35599.55     76726.30 
   2000       67        39839.19     33486.25     73325.45 
   2000       68        40871.73     33534.77     74406.50 
   2000       69        40614.99     33729.22     74344.20 
   2000       70        41594.31     34591.62     76185.93 
   2000       71        41004.48     32780.64     73785.12 
   2000       72        37026.42     29025.68     66052.10 
   2000       73        33876.03     26527.97     60404.00 
   2000       74        29985.72     23127.66     53113.38 
   2000       75        26823.59     20500.92     47324.52 
   2000       76        24903.18     18761.67     43664.85 
   2000       77        22894.44     16614.06     39508.50 
   2000       78        21561.42     14970.02     36531.43 
   2000       79        19993.40     13630.75     33624.15 
   2000       80        18930.28     12623.00     31553.28 
   2000       81        17679.82     11213.99     28893.81 
   2000       82        15679.74      9594.85     25274.59 
   2000       83        14621.02      8711.61     23332.64 
   2000       84        13755.31      8224.89     21980.19 
   2000       85        12885.70      7601.90     20487.60 
   2000       86        11501.59      6386.64     17888.23 
   2000       87         9775.83      5134.44     14910.28 
   2000       88         7934.11      4000.28     11934.39 
   2000       89         6489.98      3120.09      9610.07 
   2000       90         5250.09      2375.01      7625.10 
   2000       91         4130.89      1770.20      5901.10 
   2000       92         3198.93      1304.16      4503.09 
   2000       93         2475.48       940.94      3416.42 
   2000       94         1884.53       647.41      2531.94 
   2000       95         1358.50       436.71      1795.22 
   2000       96          939.49       300.37      1239.86 
   2000       97          643.86       197.62       841.47 
   2000       98          446.95       120.80       567.75 
   2000       99          320.75        79.02       399.78 
   2000      100          206.23        49.47       255.70 
   2000      101          111.90        25.74       137.64 
   2000      102           68.55        14.00        82.55 
   2000      103           47.70         8.38        56.08 
   2000      104           31.20         5.40        36.60 
   2000      105           16.83         2.77        19.61 
   2000      106            8.89         0.97         9.86 
   2000      107            4.60         0.32         4.92 
   2000      108            2.20         0.00         2.20 
   2000      109            0.93         0.00         0.93 
   2000      110           0.16         0.00         0.16 
   2001        0       114734.82    119560.31    234295.13 
   2001        1       114383.82    118870.66    233254.48 
   2001        2       117728.37    121858.17    239586.54 
   2001        3       121251.26    125841.93    247093.19 
   2001        4       123541.15    128401.32    251942.47 
   2001        5       125887.64    130712.19    256599.84 
   2001        6       129274.76    134171.36    263446.12 
   2001        7       131594.02    136952.25    268546.27 
   2001        8       134233.10    139502.05    273735.15 
   2001        9       137517.91    142708.07    280225.99 
   2001       10       140208.87    145963.48    286172.35 
   2001       11       142460.87    148225.05    290685.92 
   2001       12       140814.02    146263.64    287077.66 
   2001       13       137609.88    142955.48    280565.36 
   2001       14       135141.10    139172.56    274313.66 
   2001       15       128776.81    132784.73    261561.54 
   2001       16       121410.49    127190.05    248600.54 
   2001       17       120817.09    126923.05    247740.14 
   2001       18       123174.15    127399.12    250573.27 
   2001       19       125506.26    127432.75    252939.01 
   2001       20       123012.52    125541.40    248553.92 
   2001       21       119160.24    122486.37    241646.61 
   2001       22       116721.44    118757.34    235478.79 
   2001       23       113710.03    114702.56    228412.60 
   2001       24       112791.08    112621.07    225412.15 
   2001       25       116660.13    115100.30    231760.43 
   2001       26       121976.04    120989.30    242965.35 
   2001       27       123718.07    123925.24    247643.31 
   2001       28       123015.02    122413.90    245428.91 
   2001       29       123146.85    121300.50    244447.35 
   2001       30       120644.73    118596.86    239241.58 
   2001       31       119940.53    117576.88    237517.41 
   2001       32       121554.94    119334.07    240889.01 
   2001       33       120547.96    117964.83    238512.79 
   2001       34       121457.94    117277.50    238735.43 
   2001       35       125182.98    119986.46    245169.44 
   2001       36       128409.21    122598.38    251007.58 
   2001       37       127836.91    123122.30    250959.21 
   2001       38       125701.58    121948.93    247650.50 
   2001       39       123536.25    118080.48    241616.73 
   2001       40       119176.69    113891.22    233067.90 
   2001       41       120377.34    116050.76    236428.10 
   2001       42       116976.30    111961.91    228938.20 
   2001       43       103435.49     98702.72    202138.21 
   2001       44        98261.00     93740.63    192001.62 
   2001       45        97054.14     91998.80    189052.94 
   2001       46        94479.52     89720.96    184200.48 
   2001       47        91120.08     87139.58    178259.66 
   2001       48        85943.71     82141.52    168085.23 
   2001       49        82059.43     77101.66    159161.09 
   2001       50        78986.22     75241.06    154227.28 
   2001       51        80408.93     77828.51    158237.43 
   2001       52        78349.43     74610.14    152959.57 
   2001       53        71257.76     67023.94    138281.70 
   2001       54        67344.77     63119.80    130464.57 
   2001       55        64942.80     61580.75    126523.54 
   2001       56        63652.44     60505.00    124157.45 
   2001       57        61819.59     57998.76    119818.35 
   2001       58        60191.59     55220.55    115412.14 
   2001       59        58734.77     52001.10    110735.87 
   2001       60        55063.45     49415.92    104479.37 
   2001       61        53835.79     49343.91    103179.70 
   2001       62        52352.02     46942.09     99294.11 
   2001       63        48981.33     43419.33     92400.67 
   2001       64        49733.20     43463.43     93196.64 
   2001       65        47074.09     40830.84     87904.93 
   2001       66        42500.87     37197.13     79698.00 
   2001       67        40488.32     34773.28     75261.60 
   2001       68        38948.89     32479.88     71428.77 
   2001       69        39908.82     32604.83     72513.65 
   2001       70        39777.12     32823.39     72600.51 
   2001       71        40797.39     33603.50     74400.89 
   2001       72        40151.51     31713.45     71864.96 
   2001       73        36084.03     27814.86     63898.89 
   2001       74        32834.79     25210.23     58045.01 
   2001       75        29008.45     21980.69     50989.15 
   2001       76        25886.96     19487.34     45374.31 
   2001       77        24024.12     17851.73     41875.84 
   2001       78        22034.00     15786.34     37820.34 
   2001       79        20613.91     14053.42     34667.33 
   2001       80        19039.75     12663.82     31703.57 
   2001       81        17917.22     11633.54     29550.77 
   2001       82        16646.18     10271.97     26918.14 
   2001       83        14668.02      8742.92     23410.94 
   2001       84        13576.38      7888.47     21464.85 
   2001       85        12693.66      7396.60     20090.27 
   2001       86        11807.96      6797.07     18605.03 
   2001       87        10404.05      5640.06     16044.11 
   2001       88         8722.11      4469.46     13191.57 
   2001       89         6963.62      3418.21     10381.83 
   2001       90         5594.97      2623.56      8218.53 
   2001       91         4462.54      1957.51      6420.05 
   2001       92         3442.06      1423.51      4865.57 
   2001       93         2596.67      1027.09      3623.76 
   2001       94         1962.82       719.74      2682.56 
   2001       95         1473.24       481.46      1954.70 
   2001       96         1040.63       318.22      1358.86 
   2001       97          691.69       209.84       901.53 
   2001       98          462.57       129.19       591.76 
   2001       99          316.33        78.78       395.11 
   2001      100          215.26        48.65       263.91 
   2001      101          132.01        27.26       159.27 
   2001      102           72.97        15.34        88.31 
   2001      103           44.21         8.28        52.49 
   2001      104           29.48         4.92        34.40 
   2001      105           17.98         3.11        21.09 
   2001      106            8.93         1.09        10.02 
   2001      107            4.40         0.34         4.74 
   2001      108            2.10         0.04         2.15 
   2001      109            0.84         0.00         0.84 
   2001      110           0.17         0.00         0.17 
   2002        0       112174.44    116763.31    228937.75 
   2002        1       108819.92    113304.40    222124.33 
   2002        2       112040.81    116081.67    228122.48 
   2002        3       116547.98    120439.28    236987.26 
   2002        4       120682.31    125013.47    245695.78 
   2002        5       123106.21    127766.53    250872.75 
   2002        6       125710.02    130417.14    256127.16 
   2002        7       129142.59    133997.47    263140.06 
   2002        8       131529.71    136839.58    268369.29 
   2002        9       134255.89    139452.37    273708.26 
   2002       10       137654.26    142779.83    280434.09 
   2002       11       140676.17    146416.12    287092.29 
   2002       12       142669.93    148403.60    291073.53 
   2002       13       140405.81    145794.44    286200.25 
   2002       14       136832.24    142044.49    278876.73 
   2002       15       135357.96    139240.06    274598.02 
   2002       16       128920.62    132963.46    261884.08 
   2002       17       121437.06    127323.42    248760.48 
   2002       18       120901.24    127117.63    248018.87 
   2002       19       123149.78    127278.99    250428.78 
   2002       20       125355.73    127017.10    252372.83 
   2002       21       122906.65    125228.97    248135.62 
   2002       22       119103.55    122325.47    241429.02 
   2002       23       116665.97    118543.57    235209.54 
   2002       24       113452.80    114165.90    227618.70 
   2002       25       112717.88    112164.33    224882.21 
   2002       26       116711.45    114716.46    231427.92 
   2002       27       121980.07    120622.09    242602.16 
   2002       28       123553.88    123490.16    247044.04 
   2002       29       123009.79    122288.10    245297.89 
   2002       30       123242.38    121342.41    244584.78 
   2002       31       120527.58    118343.39    238870.97 
   2002       32       119969.31    117444.02    237413.34 
   2002       33       121432.37    119207.05    240639.42 
   2002       34       120258.94    117672.47    237931.41 
   2002       35       121298.42    117089.65    238388.07 
   2002       36       125243.56    119980.26    245223.81 
   2002       37       128528.21    122571.62    251099.82 
   2002       38       127963.98    123192.00    251155.98 
   2002       39       125695.61    121920.88    247616.48 
   2002       40       123449.14    117867.73    241316.86 
   2002       41       119197.17    113864.29    233061.46 
   2002       42       120686.86    116360.88    237047.74 
   2002       43       116942.41    111726.29    228668.71 
   2002       44       103027.15     98190.05    201217.19 
   2002       45        97882.36     93330.67    191213.03 
   2002       46        96736.43     91678.06    188414.49 
   2002       47        94253.66     89516.25    183769.90 
   2002       48        90806.90     86861.45    177668.35 
   2002       49        85643.70     81773.35    167417.06 
   2002       50        81827.56     76770.22    158597.77 
   2002       51        78805.38     74994.81    153800.19 
   2002       52        80161.35     77533.91    157695.25 
   2002       53        78127.38     74326.26    152453.65 
   2002       54        71092.44     66809.14    137901.58 
   2002       55        67022.59     62771.40    129793.99 
   2002       56        64500.03     61057.56    125557.59 
   2002       57        63112.80     59855.03    122967.83 
   2002       58        61331.48     57361.45    118692.93 
   2002       59        59782.67     54575.11    114357.78 
   2002       60        58334.38     51304.74    109639.12 
   2002       61        54569.65     48650.55    103220.21 
   2002       62        53283.68     48570.12    101853.80 
   2002       63        51896.54     46302.80     98199.34 
   2002       64        48625.08     42926.34     91551.42 
   2002       65        49586.03     43088.12     92674.15 
   2002       66        46637.75     40135.12     86772.88 
   2002       67        41976.42     36451.54     78427.96 
   2002       68        39793.44     33833.32     73626.76 
   2002       69        38093.45     31473.04     69566.50 
   2002       70        39002.41     31625.58     70627.99 
   2002       71        38972.44     31808.86     70781.30 
   2002       72        39917.73     32475.49     72393.21 
   2002       73        39241.12     30560.55     69801.68 
   2002       74        35098.09     26537.98     61636.07 
   2002       75        31768.08     23935.54     55703.62 
   2002       76        28038.95     20897.17     48936.12 
   2002       77        24909.26     18432.71     43341.98 
   2002       78        23109.43     16901.30     40010.72 
   2002       79        21098.92     14850.84     35949.76 
   2002       80        19609.28     13068.51     32677.80 
   2002       81        18038.49     11669.12     29707.61 
   2002       82        16826.37     10631.16     27457.53 
   2002       83        15569.45      9351.33     24920.77 
   2002       84        13624.64      7895.59     21520.23 
   2002       85        12506.81      7061.09     19567.90 
   2002       86        11611.53      6598.40     18209.93 
   2002       87        10728.40      6075.89     16804.29 
   2002       88         9340.61      4975.85     14316.46 
   2002       89         7726.11      3866.27     11592.38 
   2002       90         6087.17      2908.36      8995.53 
   2002       91         4812.67      2196.74      7009.40 
   2002       92         3751.86      1604.67      5356.53 
   2002       93         2839.63      1145.31      3984.94 
   2002       94         2087.76       802.88      2890.64 
   2002       95         1547.43       542.42      2089.85 
   2002       96         1139.27       355.37      1494.63 
   2002       97          785.08       229.31      1014.39 
   2002       98          514.40       146.73       661.12 
   2002       99          335.39        90.06       425.45 
   2002      100          222.51        52.67       275.18 
   2002      101          147.12        30.56       177.68 
   2002      102           86.29        16.24       102.53 
   2002      103           46.34         9.26        55.61 
   2002      104           27.98         5.45        33.42 
   2002      105           17.52         2.72        20.24 
   2002      106            9.67         0.97        10.64 
   2002      107            4.44         0.07         4.50 
   2002      108            1.95         0.00         1.95 
   2002      109            0.77         0.00         0.77 
   2002      110           0.14         0.00         0.14 
   2003        0       113307.11    118266.57    231573.68 
   2003        1       109280.97    113849.16    223130.13 
   2003        2       107822.10    112190.24    220012.34 
   2003        3       111582.17    115514.98    227097.15 
   2003        4       116290.72    120137.70    236428.42 
   2003        5       120554.63    124816.50    245371.13 
   2003        6       122982.78    127600.48    250583.26 
   2003        7       125669.34    130350.49    256019.82 
   2003        8       129097.28    133936.47    263033.75 
   2003        9       131508.80    136794.88    268303.68 
   2003       10       134252.30    139420.58    273672.88 
   2003       11       137677.35    142778.16    280455.50 
   2003       12       140793.02    146520.03    287313.06 
   2003       13       142676.01    148383.24    291059.25 
   2003       14       140249.81    145597.18    285846.99 
   2003       15       136609.98    141756.86    278366.84 
   2003       16       135464.90    139275.67    274740.56 
   2003       17       128898.17    132917.83    261815.99 
   2003       18       121420.60    127280.40    248701.00 
   2003       19       120902.02    127081.56    247983.58 
   2003       20       123104.10    127114.69    250218.80 
   2003       21       125283.67    126785.58    252069.25 
   2003       22       122855.65    125047.30    247902.94 
   2003       23       119058.86    122173.60    241232.46 
   2003       24       116618.71    118367.44    234986.15 
   2003       25       113345.49    113891.79    227237.29 
   2003       26       112690.90    111952.75    224643.65 
   2003       27       116696.57    114510.15    231206.72 
   2003       28       121937.58    120406.05    242343.63 
   2003       29       123461.21    123236.21    246697.42 
   2003       30       122981.43    122135.29    245116.72 
   2003       31       123221.75    121212.35    244434.11 
   2003       32       120441.00    118112.34    238553.33 
   2003       33       119952.16    117289.36    237241.52 
   2003       34       121333.62    119024.36    240357.98 
   2003       35       120125.79    117422.63    237548.42 
   2003       36       121213.94    116877.06    238091.00 
   2003       37       125203.19    119807.96    245011.15 
   2003       38       128481.17    122372.99    250854.16 
   2003       39       127911.97    123017.79    250929.76 
   2003       40       125588.51    121688.29    247276.79 
   2003       41       123318.53    117581.18    240899.72 
   2003       42       119098.14    113655.89    232754.03 
   2003       43       120662.34    116222.07    236884.41 
   2003       44       116786.70    111375.80    228162.50 
   2003       45       102784.66     97805.13    200589.78 
   2003       46        97657.77     92975.02    190632.79 
   2003       47        96507.77     91340.77    187848.54 
   2003       48        94042.50     89204.08    183246.58 
   2003       49        90558.97     86482.36    177041.32 
   2003       50        85400.85     81361.85    166762.71 
   2003       51        81589.92     76372.68    157962.61 
   2003       52        78562.86     74614.00    153176.87 
   2003       53        79886.89     77109.35    156996.23 
   2003       54        77858.22     73880.24    151738.46 
   2003       55        70826.10     66371.00    137197.10 
   2003       56        66696.91     62260.60    128957.52 
   2003       57        64128.13     60476.31    124604.44 
   2003       58        62695.77     59208.47    121904.25 
   2003       59        60925.51     56709.79    117635.29 
   2003       60        59373.97     53892.72    113266.68 
   2003       61        57900.49     50598.12    108498.61 
   2003       62        54076.75     47913.02    101989.77 
   2003       63        52775.05     47804.91    100579.96 
   2003       64        51425.72     45576.47     97002.19 
   2003       65        48152.02     42221.78     90373.80 
   2003       66        49140.18     42374.38     91514.56 
   2003       67        46071.47     39266.75     85338.21 
   2003       68        41402.39     35569.87     76972.26 
   2003       69        39135.58     32874.19     72009.77 
   2003       70        37361.80     30485.23     67847.03 
   2003       71        38212.84     30575.22     68788.06 
   2003       72        38146.23     30677.64     68823.87 
   2003       73        38980.82     31267.65     70248.47 
   2003       74        38275.17     29317.92     67593.09 
   2003       75        34098.35     25258.40     59356.75 
   2003       76        30765.65     22712.95     53478.60 
   2003       77        27085.90     19778.23     46864.14 
   2003       78        23915.77     17314.82     41230.59 
   2003       79        22112.50     15857.12     37969.62 
   2003       80        20070.05     13804.36     33874.41 
   2003       81        18553.02     12012.26     30565.28 
   2003       82        16956.76     10660.68     27617.44 
   2003       83        15686.62      9652.62     25339.23 
   2003       84        14478.80      8454.97     22933.76 
   2003       85        12541.78      7049.01     19590.79 
   2003       86        11411.12      6248.13     17659.25 
   2003       87        10542.80      5849.66     16392.45 
   2003       88         9689.48      5408.01     15097.50 
   2003       89         8325.16      4345.64     12670.80 
   2003       90         6784.62      3314.65     10099.27 
   2003       91         5250.66      2458.93      7709.59 
   2003       92         4080.20      1819.66      5899.87 
   2003       93         3137.31      1307.66      4444.97 
   2003       94         2315.85       905.67      3221.52 
   2003       95         1658.64       609.99      2268.63 
   2003       96         1197.35       405.44      1602.78 
   2003       97          864.37       262.30      1126.67 
   2003       98          587.68       166.95       754.64 
   2003       99          367.05       103.59       470.64 
   2003      100          232.75        59.60       292.34 
   2003      101          152.79        33.94       186.74 
   2003      102           95.08        18.79       113.87 
   2003      103           54.91         9.41        64.32 
   2003      104           29.01         5.54        34.55 
   2003      105           16.00         2.95        18.96 
   2003      106            8.91         1.08         9.99 
   2003      107            4.45         0.21         4.67 
   2003      108            1.71         0.00         1.71 
   2003      109            0.50         0.00         0.50 
   2003      110           0.05         0.00         0.05 
   2004        0       113076.89    117868.63    230945.53 
   2004        1       113038.81    117946.05    230984.86 
   2004        2       109225.21    113772.49    222997.69 
   2004        3       107786.58    112151.25    219937.83 
   2004        4       111549.26    115485.78    227035.04 
   2004        5       116262.73    120107.70    236370.43 
   2004        6       120531.82    124787.04    245318.87 
   2004        7       122962.53    127573.95    250536.48 
   2004        8       125651.93    130320.66    255972.59 
   2004        9       129082.06    133905.61    262987.67 
   2004       10       131492.70    136765.52    268258.22 
   2004       11       134230.81    139388.82    273619.62 
   2004       12       137653.64    142742.63    280396.27 
   2004       13       140768.68    146479.06    287247.74 
   2004       14       142647.11    148336.17    290983.29 
   2004       15       140215.36    145540.65    285756.00 
   2004       16       136574.83    141686.65    278261.48 
   2004       17       135431.29    139184.66    274615.95 
   2004       18       128864.81    132805.63    261670.44 
   2004       19       121384.86    127156.86    248541.73 
   2004       20       120860.67    126942.34    247803.01 
   2004       21       123060.95    126965.92    250026.88 
   2004       22       125237.64    126623.34    251860.98 
   2004       23       122812.41    124888.35    247700.76 
   2004       24       119015.93    122022.59    241038.52 
   2004       25       116572.76    118214.33    234787.09 
   2004       26       113302.15    113739.74    227041.89 
   2004       27       112646.16    111800.62    224446.78 
   2004       28       116642.50    114351.79    230994.29 
   2004       29       121881.29    120238.63    242119.92 
   2004       30       123404.26    123062.05    246466.31 
   2004       31       122922.49    121945.86    244868.35 
   2004       32       123165.00    121013.51    244178.51 
   2004       33       120381.86    117914.24    238296.10 
   2004       34       119884.26    117085.37    236969.63 
   2004       35       121256.68    118814.31    240070.98 
   2004       36       120039.68    117198.68    237238.36 
   2004       37       121118.83    116646.07    237764.90 
   2004       38       125109.00    119567.39    244676.39 
   2004       39       128373.89    122110.84    250484.74 
   2004       40       127787.84    122740.34    250528.18 
   2004       41       125446.90    121384.47    246831.36 
   2004       42       123167.60    117271.34    240438.95 
   2004       43       118951.28    113348.82    232300.11 
   2004       44       120506.03    115909.01    236415.04 
   2004       45       116621.25    111038.15    227659.41 
   2004       46       102604.64     97441.72    200046.36 
   2004       47        97449.70     92618.48    190068.18 
   2004       48        96289.19     90974.91    187264.11 
   2004       49        93827.92     88818.80    182646.71 
   2004       50        90327.23     86066.81    176394.03 
   2004       51        85154.93     80916.80    166071.73 
   2004       52        81337.65     75933.45    157271.10 
   2004       53        78295.91     74156.97    152452.88 
   2004       54        79606.12     76615.14    156221.27 
   2004       55        77557.34     73352.26    150909.60 
   2004       56        70501.78     65808.06    136309.84 
   2004       57        66362.53     61672.06    128034.59 
   2004       58        63778.93     59860.02    123638.95 
   2004       59        62316.07     58570.34    120886.42 
   2004       60        60501.75     56035.99    116537.73 
   2004       61        58914.52     53180.16    112094.68 
   2004       62        57437.08     49865.74    107302.81 
   2004       63        53600.47     47148.61    100749.08 
   2004       64        52273.27     47002.00     99275.26 
   2004       65        50898.79     44766.08     95664.87 
   2004       66        47604.87     41399.50     89004.37 
   2004       67        48565.25     41496.90     90062.15 
   2004       68        45465.00     38348.03     83813.03 
   2004       69        40771.89     34643.96     75415.85 
   2004       70        38477.34     31894.15     70371.49 
   2004       71        36650.57     29419.71     66070.28 
   2004       72        37414.65     29454.54     66869.18 
   2004       73        37251.67     29462.05     66713.71 
   2004       74        38008.56     29971.49     67980.06 
   2004       75        37255.24     28033.03     65288.27 
   2004       76        33049.82     23975.66     57025.48 
   2004       77        29745.66     21497.30     51242.96 
   2004       78        26093.15     18626.61     44719.76 
   2004       79        22866.55     16153.14     39019.69 
   2004       80        20999.97     14701.78     35701.75 
   2004       81        18958.79     12701.08     31659.88 
   2004       82        17435.69     10958.56     28394.24 
   2004       83        15778.18      9644.28     25422.46 
   2004       84        14518.28      8714.34     23232.62 
   2004       85        13361.41      7585.81     20947.21 
   2004       86        11409.22      6200.08     17609.30 
   2004       87        10271.46      5433.65     15705.11 
   2004       88         9428.23      5128.94     14557.18 
   2004       89         8608.26      4749.61     13357.87 
   2004       90         7286.38      3749.48     11035.86 
   2004       91         5835.16      2828.03      8663.19 
   2004       92         4441.32      2063.24      6504.56 
   2004       93         3392.60      1490.24      4882.84 
   2004       94         2547.29      1035.94      3583.23 
   2004       95         1835.55       694.92      2530.47 
   2004       96         1290.61       463.59      1754.20 
   2004       97          918.67       303.06      1221.74 
   2004       98          643.20       186.79       830.00 
   2004       99          417.80       113.48       531.28 
   2004      100          253.32        66.19       319.51 
   2004      101          155.69        36.43       192.12 
   2004      102           99.03        21.17       120.20 
   2004      103           61.30        11.77        73.06 
   2004      104           35.75         6.26        42.01 
   2004      105           18.30         3.14        21.44 
   2004      106            8.96         1.09        10.05 
   2004      107            4.60         0.23         4.83 
   2004      108            2.05         0.00         2.05 
   2004      109            0.54         0.00         0.54 
   2004      110           0.00         0.00         0.00 
   2005        0       111973.55    117133.95    229107.49 
   2005        1       112811.08    117539.89    230350.97 
   2005        2       112983.65    117876.01    230859.66 
   2005        3       109193.28    113734.96    222928.24 
   2005        4       107760.23    112122.34    219882.56 
   2005        5       111528.03    115460.14    226988.17 
   2005        6       116245.80    120079.12    236324.92 
   2005        7       120511.44    124761.47    245272.90 
   2005        8       122944.00    127546.35    250490.34 
   2005        9       125636.35    130289.27    255925.62 
   2005       10       129062.22    133878.13    262940.35 
   2005       11       131470.40    136736.93    268207.33 
   2005       12       134208.08    139360.60    273568.68 
   2005       13       137628.14    142707.79    280335.94 
   2005       14       140740.09    146433.88    287173.97 
   2005       15       142614.12    148280.85    290894.97 
   2005       16       140174.61    145470.63    285645.24 
   2005       17       136533.43    141591.87    278125.30 
   2005       18       135392.39    139060.35    274452.74 
   2005       19       128825.42    132664.86    261490.28 
   2005       20       121345.45    127011.08    248356.53 
   2005       21       120821.51    126798.04    247619.56 
   2005       22       123019.05    126812.81    249831.86 
   2005       23       125196.80    126465.88    251662.68 
   2005       24       122769.28    124734.45    247503.73 
   2005       25       118966.49    121869.28    240835.77 
   2005       26       116524.70    118059.98    234584.68 
   2005       27       113255.38    113591.23    226846.61 
   2005       28       112594.97    111652.85    224247.83 
   2005       29       116591.76    114199.81    230791.57 
   2005       30       121830.38    120073.77    241904.14 
   2005       31       123350.27    122878.88    246229.14 
   2005       32       122863.20    121746.05    244609.24 
   2005       33       123097.96    120809.09    243907.05 
   2005       34       120310.80    117711.24    238022.04 
   2005       35       119811.96    116884.13    236696.10 
   2005       36       121174.67    118603.73    239778.39 
   2005       37       119940.75    116973.28    236914.03 
   2005       38       121020.65    116408.23    237428.88 
   2005       39       125000.64    119311.06    244311.70 
   2005       40       128245.33    121831.71    250077.03 
   2005       41       127644.00    122439.72    250083.71 
   2005       42       125299.33    121079.63    246378.96 
   2005       43       123028.40    116953.84    239982.24 
   2005       44       118797.72    113029.35    231827.06 
   2005       45       120330.18    115588.79    235918.97 
   2005       46       116441.97    110685.85    227127.82 
   2005       47       102402.98     97069.58    199472.56 
   2005       48        97231.82     92230.83    189462.65 
   2005       49        96078.31     90583.89    186662.20 
   2005       50        93598.51     88424.59    182023.11 
   2005       51        90082.63     85634.61    175717.23 
   2005       52        84903.87     80472.99    165376.87 
   2005       53        81072.70     75490.84    156563.54 
   2005       54        78021.48     73683.08    151704.56 
   2005       55        79320.18     76097.73    155417.90 
   2005       56        77238.83     72804.24    150043.07 
   2005       57        70167.46     65227.88    135395.34 
   2005       58        66016.03     61060.47    127076.50 
   2005       59        63408.86     59229.58    122638.45 
   2005       60        61907.08     57900.67    119807.75 
   2005       61        60058.38     55336.55    115394.93 
   2005       62        58456.59     52456.18    110912.77 
   2005       63        56965.30     49107.20    106072.51 
   2005       64        53096.34     46341.86     99438.20 
   2005       65        51731.07     46156.59     97887.66 
   2005       66        50344.01     43906.21     94250.22 
   2005       67        47025.49     40528.23     87553.72 
   2005       68        47938.04     40601.02     88539.06 
   2005       69        44823.34     37409.41     82232.75 
   2005       70        40128.07     33648.53     73776.60 
   2005       71        37773.08     30846.22     68619.30 
   2005       72        35865.84     28313.64     64179.49 
   2005       73        36586.01     28273.39     64859.40 
   2005       74        36309.36     28206.43     64515.78 
   2005       75        36950.34     28658.29     65608.63 
   2005       76        36158.06     26707.91     62865.97 
   2005       77        31927.67     22679.32     54606.99 
   2005       78        28670.12     20248.55     48918.67 
   2005       79        25014.40     17429.66     42444.06 
   2005       80        21717.51     14984.19     36701.70 
   2005       81        19840.37     13577.61     33417.98 
   2005       82        17821.01     11618.29     29439.30 
   2005       83        16256.80      9913.57     26170.37 
   2005       84        14578.53      8659.40     23237.93 
   2005       85        13350.36      7806.26     21156.62 
   2005       86        12202.32      6751.62     18953.93 
   2005       87        10234.76      5402.91     15637.67 
   2005       88         9092.15      4677.26     13769.41 
   2005       89         8311.30      4451.49     12762.79 
   2005       90         7568.12      4151.74     11719.86 
   2005       91         6307.24      3231.10      9538.34 
   2005       92         4965.31      2398.59      7363.89 
   2005       93         3704.53      1708.99      5413.51 
   2005       94         2760.10      1201.74      3961.84 
   2005       95         2024.94       811.36      2836.30 
   2005       96         1442.42       537.38      1979.79 
   2005       97          997.67       346.02      1343.69 
   2005       98          684.73       215.23       899.96 
   2005       99          466.82       132.25       599.07 
   2005      100          292.16        75.82       367.98 
   2005      101          173.07        41.61       214.68 
   2005      102          104.49        22.96       127.44 
   2005      103           61.81        12.83        74.65 
   2005      104           39.43         7.46        46.89 
   2005      105           23.01         3.52        26.53 
   2005      106           10.82         0.99        11.81 
   2005      107            5.00         0.06         5.06 
   2005      108            2.29         0.00         2.29 
   2005      109            0.76         0.00         0.76 
   2005      110           0.05         0.00         0.05
